#==========================================#
#| File containing vibrational modes from |#
#|      experiment/QM for ForceBalance    |#
#|                                        |#
#| Octothorpes are comments               |#
#| This file should be formatted like so: |#
#| (Full XYZ file for the molecule)       |#
#| Number of atoms                        |#
#| Comment line                           |#
#| a1 x1 y1 z1 (xyz for atom 1)           |#
#| a2 x2 y2 z2 (xyz for atom 2)           |#
#|                                        |#
#| These coords will be actually used     |#
#|                                        |#
#| (Followed by vibrational modes)        |#
#| ...                                    |#
#| v (Eigenvalue in wavenumbers)          |#
#| dx1 dy1 dz1 (Eigenvector for atom 1)   |#
#| dx2 dy2 dz2 (Eigenvector for atom 2)   |#
#| ...                                    |#
#| (Empty line is optional)               |#
#| v (Eigenvalue)                         |#
#| dx1 dy1 dz1 (Eigenvector for atom 1)   |#
#| dx2 dy2 dz2 (Eigenvector for atom 2)   |#
#| ...                                    |#
#| and so on                              |#
#|                                        |#
#| Please list freqs in increasing order  |#
#==========================================#

9
Ethanol
C      1.251923    0.251504    0.000000
C     -0.003695   -0.576372   -0.000000
O     -1.107813    0.322263    0.000000
H     -1.918012   -0.192310   -0.000000
H      2.128720   -0.391164   -0.000000
H      1.283130    0.885095    0.881733
H      1.283130    0.885095   -0.881733
H     -0.033606   -1.215335    0.883744
H     -0.033606   -1.215335   -0.883744

235.1653
-0.00  0.00  0.02
 0.00 -0.00  0.04
 0.00  0.00 -0.09
-0.00  0.00  0.58
-0.00  0.00 -0.46
 0.25 -0.30  0.23
-0.25  0.30  0.23
-0.03  0.07  0.09
 0.03 -0.07  0.09

283.1792
-0.00  0.00  0.02
-0.00 -0.00 -0.07
 0.00  0.00 -0.01
-0.00  0.00  0.80
 0.00  0.00  0.37
-0.22  0.18 -0.10
 0.22 -0.18 -0.10
-0.00 -0.05 -0.11
 0.00  0.05 -0.11

418.9092
-0.19  0.04 -0.00
-0.01 -0.19  0.00
 0.22  0.07  0.00
 0.04  0.35 -0.00
 0.08  0.42 -0.00
-0.50  0.08 -0.01
-0.50  0.08  0.01
-0.07 -0.16  0.01
-0.07 -0.16 -0.01


825.9358
-0.00 -0.00 -0.05
 0.00  0.00 -0.06
-0.00  0.00  0.02
 0.00 -0.00 -0.02
-0.00 -0.00  0.19
-0.33 -0.30  0.19
 0.33  0.30  0.19
 0.24  0.37  0.22
-0.24 -0.37  0.22

916.6954
 0.20 -0.01 -0.00
 0.02 -0.15  0.00
-0.15  0.09  0.00
-0.12  0.03 -0.00
 0.62  0.56  0.00
-0.20  0.09 -0.05
-0.20  0.09  0.05
-0.18 -0.11  0.01
-0.18 -0.11 -0.01

1059.8621
 0.09  0.17 -0.00
-0.16 -0.11  0.00
 0.04 -0.07 -0.00
-0.36  0.58 -0.00
-0.10 -0.11  0.00
 0.42  0.11  0.03
 0.42  0.11 -0.03
-0.07 -0.13 -0.01
-0.07 -0.13  0.01

1121.6997
-0.10  0.05  0.00
 0.23 -0.17 -0.00
-0.13  0.13  0.00
-0.24  0.27 -0.00
-0.37 -0.34 -0.00
 0.19 -0.10  0.08
 0.19 -0.10 -0.08
 0.42 -0.13  0.03
 0.42 -0.13 -0.03

1197.0917
-0.00 -0.00 -0.11
 0.00  0.00  0.17
-0.00  0.00 -0.05
 0.00 -0.00  0.00
 0.00 -0.00  0.23
-0.23 -0.26  0.10
 0.23  0.26  0.10
 0.24 -0.49 -0.16
-0.24  0.49 -0.16

1277.0624
 0.02 -0.09  0.00
 0.01  0.10 -0.00
-0.01 -0.06  0.00
-0.45  0.65 -0.00
 0.13  0.08  0.00
-0.25 -0.01 -0.05
-0.25 -0.01  0.05
 0.31  0.09  0.00
 0.31  0.09 -0.00

1323.8620
-0.00 -0.00  0.09
-0.00 -0.00 -0.03
-0.00  0.00 -0.03
 0.00 -0.00 -0.01
 0.00  0.00 -0.13
 0.15  0.18 -0.05
-0.15 -0.18 -0.05
 0.66 -0.03 -0.01
-0.66  0.03 -0.01

1412.6654
-0.11 -0.08 -0.00
-0.05  0.00  0.00
 0.00  0.02  0.00
 0.06 -0.08  0.00
 0.32  0.48  0.00
 0.43  0.15 -0.18
 0.43  0.15  0.18
 0.27 -0.00  0.01
 0.27 -0.00 -0.01

1467.1183
-0.09 -0.02  0.00
 0.17  0.04  0.00
-0.01 -0.05 -0.00
-0.22  0.30 -0.00
 0.09  0.22 -0.00
 0.23 -0.04 -0.00
 0.23 -0.04  0.00
-0.56  0.08 -0.01
-0.56  0.08  0.01

1512.1220
-0.00 -0.00 -0.05
 0.00  0.00 -0.02
-0.00 -0.00  0.00
-0.00  0.00  0.01
 0.00  0.00  0.70
 0.48 -0.13  0.05
-0.48  0.13  0.05
 0.03  0.04  0.00
-0.03 -0.04  0.00

1528.1306
 0.01 -0.05 -0.00
 0.03  0.00 -0.00
-0.00  0.00 -0.00
-0.01  0.01 -0.00
-0.18 -0.28  0.00
-0.06  0.51 -0.38
-0.06  0.51  0.38
-0.09 -0.14 -0.10
-0.09 -0.14  0.10

1555.1286
 0.01 -0.01 -0.00
-0.01 -0.09 -0.00
 0.00 -0.01  0.00
 0.01 -0.01  0.00
-0.05 -0.09  0.00
-0.01  0.12 -0.09
-0.01  0.12  0.09
-0.01  0.54  0.42
-0.01  0.54 -0.42

3055.5724
 0.00 -0.01  0.00
 0.01  0.07 -0.00
-0.00  0.00  0.00
-0.00  0.01 -0.00
-0.03  0.03 -0.00
 0.00  0.01  0.02
 0.00  0.01 -0.02
-0.02 -0.39  0.59
-0.02 -0.39 -0.59

3088.9684
-0.00 -0.00  0.01
 0.00 -0.00 -0.09
 0.00  0.00  0.00
-0.00 -0.00  0.00
 0.00 -0.00  0.00
 0.00 -0.05 -0.07
 0.00  0.06 -0.08
-0.03 -0.41  0.56
 0.03  0.41  0.56

3090.5162
-0.04 -0.02 -0.00
 0.00  0.00  0.00
 0.00  0.00 -0.00
-0.00 -0.00 -0.00
 0.48 -0.36 -0.00
 0.01  0.32  0.46
 0.01  0.32 -0.46
-0.00  0.00 -0.00
-0.00 -0.01 -0.01

3169.7710
-0.05  0.08  0.00
-0.00  0.01  0.00
 0.00 -0.00 -0.00
 0.00 -0.00  0.00
 0.64 -0.47  0.00
-0.02 -0.23 -0.35
-0.02 -0.23  0.35
-0.00 -0.02  0.03
-0.00 -0.02 -0.03

3174.7119
-0.00 -0.00 -0.09
 0.00  0.00 -0.01
-0.00 -0.00  0.00
 0.00  0.00  0.00
 0.00 -0.00 -0.02
 0.02  0.41  0.56
-0.02 -0.41  0.56
-0.01 -0.05  0.08
 0.01  0.05  0.08

3865.4341
-0.00  0.00  0.00
 0.00 -0.00 -0.00
-0.05 -0.03 -0.00
 0.85  0.52  0.00
 0.00 -0.00  0.00
 0.00  0.00  0.00
 0.00  0.00 -0.00
 0.00 -0.00 -0.00
 0.00 -0.00  0.00
