01
ΔE= 0.0 kcal mol-1
C	-2.395188	0.710281	-0.552947
C	-1.768942	-0.632004	-0.282446
O	-1.121508	-0.679647	0.980245
H	-1.754348	-0.432706	1.660172
H	-2.511550	-1.436832	-0.355408
H	-0.987975	-0.845510	-1.016767
H	-2.868391	0.727584	-1.536520
H	-3.166981	0.938753	0.188373
H	-1.639135	1.497128	-0.519387
C	2.185819	-0.868605	-0.557657
C	2.239689	0.455397	0.166030
O	0.987006	1.085435	0.231404
H	0.360671	0.483323	0.663376
H	2.664321	0.313680	1.171649
H	2.907613	1.146107	-0.357474
H	3.175808	-1.325233	-0.626217
H	1.529461	-1.568584	-0.032447
H	1.798252	-0.734425	-1.570422

02
ΔE= 0.26 kcal mol-1
C	-2.487597	0.608687	-0.583554
C	-1.837698	-0.656164	-0.076304
O	-1.085446	-0.443379	1.089982
H	-0.371751	0.172884	0.864426
H	-2.598797	-1.401041	0.175005
H	-1.216734	-1.099176	-0.871686
H	-3.099850	0.414336	-1.467330
H	-3.123218	1.046984	0.188632
H	-1.727073	1.345474	-0.856583
C	1.918981	-1.043395	-0.470114
C	2.292208	0.315008	0.050278
O	1.116813	1.110588	0.084284
H	1.332036	1.988261	0.406597
H	2.727986	0.233302	1.054655
H	3.044584	0.782449	-0.598000
H	2.794996	-1.691769	-0.514538
H	1.173296	-1.510155	0.177450
H	1.498225	-0.964042	-1.474590

03
ΔE= 0.28 kcal mol-1
C	2.705068	0.610720	-0.064798
C	1.873022	-0.533017	0.462467
O	0.955402	-1.011338	-0.487410
H	0.348527	-0.282121	-0.686811
H	2.512259	-1.378805	0.732867
H	1.358681	-0.221092	1.386265
H	3.433977	0.947011	0.676255
H	3.241542	0.307945	-0.966339
H	2.065278	1.460338	-0.318595
C	-2.651856	-0.648398	-0.121827
C	-1.810098	0.386372	0.576450
O	-0.952614	1.076867	-0.319209
H	-1.485289	1.478530	-1.010883
H	-2.437075	1.100605	1.125209
H	-1.147403	-0.087825	1.304799
H	-3.285694	-1.180235	0.590143
H	-3.306972	-0.184647	-0.865432
H	-2.016952	-1.377996	-0.628281

04
ΔE= 0.29 kcal mol-1
C	2.380420	1.099443	-0.153296
C	1.968206	-0.101300	0.656339
O	1.482200	-1.158100	-0.156642
H	2.162096	-1.396010	-0.792774
H	2.794870	-0.457704	1.284110
H	1.142953	0.153809	1.325995
H	2.728678	1.905816	0.494852
H	3.197024	0.849300	-0.837255
H	1.537414	1.468596	-0.740638
C	-3.074330	0.469154	0.266295
C	-1.887023	-0.446254	0.149997
O	-0.976330	0.118321	-0.758439
H	-0.171906	-0.421713	-0.755292
H	-1.420797	-0.587804	1.138083
H	-2.213377	-1.442299	-0.185903
H	-3.817331	0.064265	0.955672
H	-2.764939	1.452055	0.627231
H	-3.545282	0.603664	-0.709441
 
05
ΔE= 0.30 kcal mol-1
C	-1.996943	0.956004	0.584861
C	-2.232015	-0.351656	-0.132587
O	-1.109857	-0.777828	-0.860710
H	-0.364786	-0.863805	-0.245421
H	-2.550425	-1.120063	0.588861
H	-3.048917	-0.247609	-0.853104
H	-2.886970	1.273319	1.133176
H	-1.175299	0.859544	1.300322
H	-1.732546	1.741938	-0.126468
C	1.740731	1.156265	-0.426737
C	2.240365	-0.208929	-0.050019
O	1.262325	-0.825552	0.776306
H	1.580138	-1.687319	1.054270
H	2.413697	-0.812794	-0.950564
H	3.194372	-0.136309	0.487701
H	2.468113	1.668618	-1.057893
H	0.799038	1.079626	-0.974589
H	1.571017	1.761794	0.465829

06
ΔE= 0.41 kcal mol-1
C	-2.219378	-0.482866	-0.879492
C	-1.884927	0.597954	0.119893
O	-1.168636	0.110009	1.223636
H	-0.393754	-0.368094	0.890272
H	-1.333507	1.409273	-0.383592
H	-2.799944	1.047955	0.516930
H	-2.806168	-0.086547	-1.711379
H	-1.303941	-0.920213	-1.288613
H	-2.791282	-1.281460	-0.402137
C	1.708509	1.144845	-0.393781
C	2.271713	-0.196633	-0.021474
O	1.190503	-1.109310	0.076378
H	1.515485	-1.971016	0.344888
H	2.987220	-0.538243	-0.780743
H	2.809553	-0.133864	0.933475
H	2.504965	1.881647	-0.504739
H	1.165512	1.079345	-1.339514
H	1.015425	1.495826	0.374166

07
ΔE= 0.43 kcal mol-1
C	-2.285309	-0.761088	-0.427513
C	-1.714720	0.631558	-0.309701
O	-1.072778	0.847664	0.919368
H	-0.398112	0.158472	1.022803
H	-1.030152	0.827401	-1.153322
H	-2.510620	1.378697	-0.382830
H	-2.793669	-0.903055	-1.383934
H	-1.490434	-1.508978	-0.350374
H	-2.999897	-0.949525	0.376126
C	2.153779	0.895609	-0.350996
C	1.675674	-0.525792	-0.494537
O	1.106631	-1.028888	0.703835
H	1.772442	-1.000822	1.396537
H	0.880838	-0.591278	-1.243298
H	2.486286	-1.183106	-0.833936
H	2.547837	1.271404	-1.297171
H	1.334010	1.543107	-0.031210
H	2.954107	0.965752	0.391475

08
ΔE= 0.61 kcal mol-1
C	-3.049734	0.433855	-0.130178
C	-1.633731	-0.001616	-0.395745
O	-1.023983	-0.564458	0.756160
H	-1.565757	-1.295725	1.065474
H	-1.589027	-0.707903	-1.234970
H	-1.005772	0.849745	-0.670117
H	-3.486902	0.899170	-1.015473
H	-3.679000	-0.420016	0.137809
H	-3.085027	1.151817	0.691144
C	1.930412	1.262100	0.117611
C	2.458001	-0.151473	0.050541
O	1.519197	-1.052955	-0.474116
H	0.716443	-0.998360	0.066641
H	3.333683	-0.197821	-0.604014
H	2.798071	-0.468570	1.048537
H	2.685782	1.951509	0.501544
H	1.625976	1.603140	-0.874944
H	1.060123	1.315122	0.778646

09
ΔE= 0.66 kcal mol-1
C	-2.825279	0.590260	0.018664
C	-1.748480	-0.355750	-0.437794
O	-0.991884	-0.748233	0.679967
H	-0.124952	-1.045192	0.366962
H	-2.199527	-1.229700	-0.932538
H	-1.109689	0.133620	-1.188475
H	-3.465444	0.891656	-0.812574
H	-3.448317	0.116000	0.779602
H	-2.382291	1.486317	0.459883
C	1.512454	1.350659	-0.065268
C	2.324197	0.117047	0.210332
O	1.650626	-0.996929	-0.359426
H	2.190534	-1.782865	-0.252928
H	3.326865	0.211537	-0.225768
H	2.446890	-0.023945	1.292421
H	2.009402	2.232889	0.340535
H	1.384845	1.491032	-1.140578
H	0.524394	1.266641	0.393528

10
ΔE= 0.67 kcal mol-1
C	-1.728409	1.254876	-0.147483
C	-2.155839	-0.184467	-0.161942
O	-1.284854	-0.905180	0.697135
H	-1.579809	-1.816618	0.758447
H	-3.193108	-0.281229	0.182657
H	-2.104620	-0.586825	-1.182497
H       -2.379735       1.857622        -0.781622
H	-1.764807	1.654841	0.867529
H	-0.705888	1.354837	-0.519189
C	2.200284	0.356176	0.934402
C	1.925813	0.266620	-0.546673
O	1.131569	-0.840507	-0.881891
H	0.381752	-0.875127	-0.267210
H	1.463757	1.206462	-0.893503
H	2.861322	0.162718	-1.104886
H       2.843390        1.207352        1.168566
H	1.265309	0.476477	1.490262
H	2.687622	-0.554241	1.289671

11
ΔE= 0.69 kcal mol-1
C	1.862056	1.099689	-0.494237
C	2.153424	-0.323352	-0.096233
O	1.266077	-0.794372	0.907334
H	1.314340	-0.198953	1.660400
H	2.013241	-0.995254	-0.946438
H	3.192826	-0.436332	0.237400
H	2.551382	1.436913	-1.270552
H	0.842008	1.182592	-0.875164
H	1.970395	1.774971	0.360395
C	-2.077708	0.940977	0.550635
C	-2.226848	-0.356201	-0.208957
O	-1.029206	-0.767024	-0.812739
H	-0.363226	-0.887019	-0.117518
H	-2.622455	-1.136636	0.458708
H	-2.958255	-0.238640	-1.014122
H	-3.023024	1.250559	1.002007
H	-1.342478	0.834299	1.354149
H	-1.735270	1.737998	-0.113271

12
ΔE= 0.72 kcal mol-1
C	3.091608	-0.342234	0.342496
C	1.814243	0.409338	0.088232
O	0.991026	-0.373677	-0.734281
H	0.159052	0.105580	-0.864495
H	1.317600	0.635034	1.047193
H	2.039216	1.378884	-0.384019
H	3.767231	0.232535	0.978342
H	2.880557	-1.295081	0.831645
H	3.599214	-0.554477	-0.600236
C	-2.437412	-1.052507	-0.034130
C	-1.988643	0.222921	0.618674
O	-1.453155	1.068303	-0.390085
H	-1.235118	1.920523	-0.005591
H	-2.830557	0.718637	1.118065
H	-1.227429	0.010861	1.382310
H	-2.870756	-1.728542	0.704209
H	-3.188197	-0.847469	-0.799105
H	-1.592558	-1.558597	-0.505015

13
ΔE= 0.73 kcal mol-1
C	-3.007846	0.331705	0.268325
C	-1.559751	-0.063793	0.358991
O	-1.089212	-0.338140	-0.932978
H	-0.188968	-0.686754	-0.853180
H	-0.981545	0.750973	0.828220
H	-1.449816	-0.941703	1.015791
H	-3.415188	0.565167	1.253638
H	-3.120447	1.210167	-0.369948
H	-3.595707	-0.477511	-0.168782
C	1.991645	1.192966	-0.303845
C	2.064585	-0.008651	0.594397
O	1.552021	-1.121729	-0.121357
H	1.618683	-1.910531	0.420765
H	3.101735	-0.199658	0.898460
H	1.479341	0.160659	1.509069
H	2.371219	2.078479	0.207582
H	2.586189	1.032436	-1.204809
H	0.960239	1.383869	-0.609335

14
ΔE= 0.74 kcal mol-1
C	-1.571475	1.325677	0.080462
C	-2.336562	0.023495	0.120476
O	-1.625917	-1.040635	-0.455430
H	-0.804526	-1.158176	0.043694
H	-2.624120	-0.206211	1.158094
H	-3.268691	0.115709	-0.445287
H	-2.159205	2.145253	0.500456
H	-0.645891	1.241292	0.657383
H	-1.309295	1.582539	-0.948909
C	2.596905	0.802331	-0.064548
C	1.731028	-0.368377	-0.448393
O	0.990875	-0.868841	0.652397
H	1.594941	-1.212311	1.314848
H	0.982471	-0.075066	-1.188895
H	2.331309	-1.167616	-0.901614
H	3.132909	1.192021	-0.932073
H	1.989728	1.606541	0.355778
H	3.341341	0.513082	0.682813

15
ΔE= 0.77 kcal mol-1
C	1.931029	0.578330	0.958826
C	1.965727	0.223154	-0.499988
O	1.180761	-0.944252	-0.685860
H	1.221035	-1.219217	-1.603930
H	1.569906	1.051912	-1.104047
H	2.996705	0.041005	-0.829297
H	2.525477	1.472677	1.150060
H	0.905552	0.764576	1.285506
H	2.332495	-0.239373	1.560047
C	-1.746207	1.121099	-0.476950
C	-2.174033	-0.252033	-0.013091
O	-1.256421	-0.835427	0.871900
H	-0.431806	-0.990078	0.386917
H	-3.125905	-0.186473	0.522681
H	-2.353642	-0.900384	-0.885059
H	-2.499550	1.576228	-1.124257
H	-1.584424	1.779019	0.380020
H	-0.809659	1.064234	-1.039748

16
ΔE= 0.78 kcal mol-1
C	2.584823	0.580861	-0.414759
C	1.760466	-0.661007	-0.173359
O	0.998046	-0.577244	1.001583
H	0.375593	0.156131	0.879066
H	1.117876	-0.858158	-1.048615
H	2.409824	-1.534677	-0.065270
H	3.189531	0.489143	-1.319989
H	1.937739	1.455965	-0.526514
H	3.250277	0.766859	0.430319
C	-2.057266	-0.936950	-0.531782
C	-2.184932	0.344508	0.249614
O	-1.064190	1.198352	0.077039
H	-0.954906	1.372540	-0.862252
H	-3.107893	0.876704	-0.013975
H	-2.230479	0.136995	1.321525
H	-2.929025	-1.575620	-0.377756
H	-1.982100	-0.734326	-1.604803
H	-1.165835	-1.484887	-0.218990

17
ΔE= 0.83 kcal mol-1
C	2.029754	1.123131	-0.290571
C	1.890340	-0.376706	-0.296268
O	1.144521	-0.851246	0.810495
H	1.540555	-0.528261	1.623714
H	1.341500	-0.713398	-1.179928
H	2.875799	-0.859264	-0.326945
H	2.574105	1.469398	-1.171008
H	1.046994	1.600385	-0.283454
H	2.579304	1.463015	0.592339
C	-2.047126	0.925428	0.637739
C	-1.738244	0.151549	-0.621663
O	-1.422060	-1.189958	-0.368607
H	-0.641977	-1.205023	0.205750
H	-2.607004	0.147853	-1.286962
H	-0.928504	0.655062	-1.177321
H	-2.319559	1.959603	0.413595
H	-2.872421	0.458961	1.179293
H	-1.176827	0.940892	1.300407

18
ΔE= 0.92 kcal mol-1
C	-2.778172	0.624847	0.000826
C	-1.732809	-0.373475	0.416468
O	-0.968075	-0.716773	-0.709505
H	-0.135570	-1.103673	-0.400866
H	-1.096178	0.058875	1.205825
H	-2.212801	-1.262479	0.854013
H	-3.421680	0.896470	0.839545
H	-2.306398	1.531793	-0.384636
H	-3.402079	0.209673	-0.792979
C	1.581069	1.350436	0.102510
C	2.218628	0.051191	-0.316310
O	1.652807	-1.071042	0.343394
H	1.745016	-0.947480	1.292001
H	2.057845	-0.126298	-1.382349
H	3.303770	0.075095	-0.153453
H	2.046475	2.194352	-0.410242
H	0.515407	1.344252	-0.137615
H	1.696038	1.513941	1.178677

19
ΔE= 0.92 kcal mol-1
C	3.029986	0.386750	-0.297289
C	1.565630	0.042439	-0.343416
O	1.054760	-0.298721	0.935189
H	1.600391	-0.997930	1.306596
H	0.975226	0.901777	-0.673560
H	1.373321	-0.767819	-1.059610
H	3.392495	0.683308	-1.283110
H	3.211994	1.206803	0.399565
H	3.623536	-0.473268	0.026689
C	-2.339283	1.016978	0.390899
C	-2.013114	-0.031171	-0.645695
O	-1.483940	-1.201848	-0.081782
H	-0.699556	-0.953916	0.431255
H	-2.917394	-0.326625	-1.186236
H	-1.327143	0.391231	-1.399248
H	-2.777295	1.906617	-0.067586
H	-3.045323	0.621481	1.123823
H	-1.436124	1.322929	0.927170

20
ΔE= 0.97 kcal mol-1
C	-2.550850	1.111521	-0.091202
C	-1.974097	-0.128342	0.539933
O	-1.396821	-0.998413	-0.416491
H	-2.055882	-1.239114	-1.071696
H	-1.161814	0.124264	1.226954
H	-2.736451	-0.656425	1.127510
H	-2.952669	1.785496	0.667649
H	-1.786366	1.646324	-0.658172
H	-3.366905	0.860365	-0.775173
C	3.065717	0.620996	0.088502
C	1.674102	0.237567	-0.333580
O	1.328763	-0.959166	0.311829
H	0.452112	-1.222290	-0.000495
H	0.969585	1.045846	-0.074552
H	1.628855	0.125598	-1.427751
H	3.378400	1.553722	-0.384325
H	3.111880	0.748856	1.171829
H	3.774490	-0.162459	-0.186390

21
ΔE= 1.03 kcal mol-1
C	-2.998340	0.550351	0.040756
C	-1.535899	0.271909	-0.173320
O	-1.275460	-1.053816	0.198153
H	-0.364241	-1.261540	-0.052863
H	-1.268196	0.449168	-1.227401
H	-0.933239	0.978643	0.423478
H	-3.247098	1.580018	-0.222343
H	-3.605355	-0.121481	-0.568933
H	-3.264821	0.385862	1.086613
C	2.149700	1.251481	-0.129031
C	2.027911	-0.099264	0.526088
O	1.515186	-1.081555	-0.355977
H	2.038153	-1.088784	-1.161518
H	2.994125	-0.422006	0.935112
H	1.323546	-0.063289	1.361837
H	2.510688	1.998978	0.579727
H	2.856407	1.220053	-0.963699
H	1.181988	1.580481	-0.514378

22
ΔE= 1.11 kcal mol-1
C	3.060548	0.177448	-0.313947
C	1.557544	0.097717	-0.349948
O	1.006369	-0.201892	0.920487
H	1.260914	0.482484	1.544879
H	1.127414	1.028827	-0.745162
H	1.223902	-0.709173	-1.007567
H	3.465039	0.367849	-1.309744
H	3.394218	0.988890	0.339300
H	3.485615	-0.755472	0.059941
C	-2.279661	1.073048	0.209358
C	-1.971739	-0.139988	-0.636391
O	-1.538721	-1.234613	0.124290
H	-0.733445	-0.967396	0.592167
H	-2.869521	-0.466075	-1.170188
H	-1.231842	0.125953	-1.409958
H	-2.653636	1.899566	-0.399499
H	-3.030177	0.831048	0.964493
H	-1.379815	1.416192	0.728692

23
ΔE= 1.12 kcal mol-1
C	-2.017771	0.980042	0.536010
C	-1.935956	-0.093822	-0.517098
O	-1.142113	-1.192056	-0.108857
H	-1.491699	-1.541411	0.715301
H	-2.939158	-0.435743	-0.803051
H	-1.462803	0.290103	-1.424920
H	-2.615045	1.824748	0.187717
H	-2.485342	0.598282	1.448301
H	-1.020826	1.345641	0.793407
C	1.674370	1.185617	-0.536867
C	1.878173	0.131763	0.526479
O	1.728993	-1.168601	0.027887
H	0.790317	-1.289550	-0.178936
H	2.891355	0.200876	0.934345
H	1.191706	0.314903	1.369907
H	1.807468	2.192948	-0.133917
H	2.381254	1.042797	-1.356350
H	0.664837	1.120067	-0.955195

24
ΔE= 1.51 kcal mol-1
C	-1.767649	1.141140	0.537872
C	-1.786873	0.182956	-0.618586
O	-1.516247	-1.119461	-0.119937
H	-1.621686	-1.760111	-0.826386
H	-2.763484	0.199082	-1.118537
H	-1.031102	0.470490	-1.364029
H	-1.965418	2.157701	0.194608
H	-2.528051	0.869967	1.272228
H	-0.792472	1.123646	1.029813
C	2.285895	0.915613	-0.353139
C	1.768879	-0.497323	-0.253730
O	1.082855	-0.681934	0.959196
H	0.196679	-1.015150	0.760762
H	1.113226	-0.718106	-1.108490
H	2.606680	-1.206254	-0.316332
H	2.878054	1.060339	-1.259586
H	1.457880	1.629245	-0.361193
H	2.915318	1.146003	0.508561

25
ΔE= 1.73 kcal mol-1
C	-1.686448	1.341898	-0.042337
C	-2.262488	-0.026468	0.247001
O	-1.639995	-1.048471	-0.482759
H	-0.760677	-1.193099	-0.101764
H	-2.221993	-0.228649	1.328899
H	-3.321544	-0.043902	-0.027915
H	-2.245446	2.125623	0.474367
H	-0.642230	1.412227	0.280111
H	-1.715547	1.545841	-1.114785
C	2.768163	0.652642	-0.020344
C	1.678194	-0.288476	-0.455531
O	1.000671	-0.866301	0.650390
H	0.848629	-0.177617	1.305383
H	0.961797	0.225730	-1.111399
H	2.087244	-1.126565	-1.024317
H	3.302083	1.058364	-0.881158
H	2.350056	1.498938	0.534905
H	3.487696	0.143710	0.623894

26
ΔE= 3.79 kcal mol-1
C	-1.976023	0.746718	0.790972
C	-1.792710	0.038582	-0.526085
O	-1.227247	-1.248106	-0.370351
H	-1.796923	-1.759699	0.209561
H	-2.746235	-0.021497	-1.070103
H	-1.093704	0.597995	-1.152012
H	-2.400634	1.742179	0.645312
H	-2.651909	0.189921	1.447987
H	-1.012510	0.856037	1.292757
C	1.976026	-0.746717	0.790972
C	1.792708	-0.038583	-0.526087
O	1.227246	1.248105	-0.370352
H	1.796925	1.759702	0.209554
H	2.746232	0.021493	-1.070106
H	1.093696	-0.597994	-1.152008
H	2.400642	-1.742175	0.645313
H	2.651910	-0.189913	1.447983
H	1.012514	-0.856039	1.292757

27
ΔE= 3.79 kcal mol-1
C	-2.238295	-0.891233	0.270374
C	-1.634164	0.196707	-0.579583
O	-1.258240	1.328567	0.180839
H	-2.031489	1.643969	0.655470
H	-0.716836	-0.166607	-1.050354
H	-2.325259	0.483848	-1.384965
H	-2.490229	-1.765300	-0.333306
H	-1.536574	-1.205588	1.045787
H	-3.156000	-0.546994	0.757987
C	2.204068	0.925718	-0.184110
C	1.625578	-0.240101	0.574992
O	1.303689	-1.328256	-0.269274
H	2.092839	-1.573245	-0.759082
H	2.311441	-0.559684	1.372672
H	0.687535	0.058665	1.050497
H	2.419202	1.760279	0.486142
H	3.138932	0.647749	-0.681409
H	1.499722	1.273872	-0.941991

28
ΔE= 4.12 kcal mol-1
C	-2.155164	-0.955565	0.208662
C	-1.631256	0.226947	-0.556077
O	-1.450840	1.288410	0.360837
H	-1.083716	2.042894	-0.104265
H	-0.682472	-0.038588	-1.043697
H	-2.341754	0.510467	-1.345522
H	-2.299215	-1.811793	-0.452297
H	-1.453477	-1.239614	0.996988
H	-3.109149	-0.718332	0.683083
C	2.155265	0.955548	-0.208559
C	1.631287	-0.226997	0.556078
O	1.450717	-1.288342	-0.360942
H	1.083422	-2.042797	0.104070
H	2.341799	-0.510676	1.345454
H	0.682556	0.038576	1.043780
H	2.299530	1.811659	0.452504
H	3.109152	0.718241	-0.683140
H	1.453509	1.239816	-0.996743

29
ΔE= 4.22 kcal mol-1
C	-1.831657	-0.837081	0.886327
C	-1.639715	-0.303433	-0.511246
O	-1.708178	1.107656	-0.558073
H	-2.549813	1.383081	-0.185907
H	-0.648066	-0.567271	-0.890410
H	-2.375171	-0.751537	-1.194355
H	-1.716619	-1.922841	0.913057
H	-1.099505	-0.395839	1.567667
H	-2.829746	-0.599590	1.267641
C	1.570030	1.079434	0.625875
C	1.898950	-0.373594	0.394867
O	1.758896	-0.754222	-0.957044
H	2.230812	-0.117480	-1.500073
H	2.911124	-0.602052	0.759050
H	1.212315	-1.015944	0.955554
H	1.646712	1.333345	1.685611
H	2.268859	1.724683	0.084118
H	0.557707	1.312018	0.284040

30
ΔE= 4.22 kcal mol-1
C	-1.622156	-1.034011	0.723606
C	-1.747571	-0.191969	-0.519332
O	-1.849541	1.187285	-0.228957
H	-2.586585	1.315770	0.373451
H	-0.849120	-0.305686	-1.130386
H	-2.601103	-0.525898	-1.126410
H	-1.465242	-2.084267	0.470869
H	-0.772502	-0.698902	1.323255
H	-2.522520	-0.965561	1.342356
C	1.641844	1.231324	0.240183
C	2.023378	-0.218832	0.397284
O	1.571823	-1.020440	-0.674060
H	1.922783	-0.653804	-1.489878
H	3.110955	-0.319504	0.524445
H	1.564837	-0.641555	1.296139
H	1.995956	1.821418	1.088424
H	2.093802	1.653399	-0.662995
H	0.557513	1.350763	0.164426

31
ΔE= 4.27 kcal mol-1
C	1.635449	1.247536	0.209283
C	2.047727	-0.189239	0.362071
O	1.548480	-0.910909	-0.745314
H	1.802687	-1.831576	-0.659123
H	3.143129	-0.268001	0.414013
H	1.650247	-0.596450	1.304150
H	2.034333	1.850858	1.026500
H	2.015073	1.650247	-0.732076
H	0.546224	1.342934	0.213817
C	-1.590107	-1.070649	0.696464
C	-1.772602	-0.178365	-0.497818
O	-1.915449	1.148740	-0.028055
H	-1.998728	1.736540	-0.781331
H	-0.900685	-0.269654	-1.159183
H	-2.661473	-0.484993	-1.067855
H	-1.468912	-2.109922	0.386117
H	-0.699281	-0.774381	1.255697
H	-2.449662	-1.003946	1.366223

32
ΔE= 4.34 kcal mol-1
C	-1.625807	1.059484	0.634878
C	-2.134810	0.062561	-0.367521
O	-1.503556	-1.178408	-0.117601
H	-1.853884	-1.833659	-0.723908
H	-3.226488	-0.037051	-0.285713
H	-1.916676	0.411376	-1.387910
H	-2.131355	2.018747	0.511181
H	-1.811479	0.701238	1.649803
H	-0.552167	1.223174	0.512937
C	1.829110	-0.956948	0.707802
C	1.684364	-0.165801	-0.565959
O	1.716030	1.229112	-0.342372
H	2.511858	1.436374	0.154053
H	2.456407	-0.458908	-1.292244
H	0.712375	-0.376648	-1.020251
H	1.762317	-2.028976	0.511733
H	2.795718	-0.763017	1.184059
H	1.036444	-0.694057	1.410849

33
ΔE= 4.36 kcal mol-1
C	-1.593383	-1.115858	0.591644
C	-1.764270	-0.123712	-0.529372
O	-1.862939	1.204783	-0.058805
H	-2.583391	1.248279	0.574950
H	-0.887162	-0.148794	-1.180624
H	-2.637502	-0.383753	-1.144722
H	-1.478930	-2.129891	0.203014
H	-0.702776	-0.873489	1.176003
H	-2.458898	-1.109118	1.262035
C	1.625389	1.264971	0.088206
C	2.097317	-0.135053	0.361724
O	1.513242	-0.993398	-0.597254
H	1.828698	-1.887056	-0.450836
H	3.194302	-0.184703	0.308121
H	1.811527	-0.437927	1.380738
H	2.084511	1.967305	0.786209
H	1.897259	1.562903	-0.926434
H	0.539622	1.343080	0.186799

34
ΔE= 4.51 kcal mol-1
C	-1.561199	-1.033777	0.763288
C	-1.765305	-0.232995	-0.490294
O	-1.963881	1.117319	-0.115357
H	-2.119058	1.639605	-0.904518
H	-0.882498	-0.336163	-1.135983
H	-2.633315	-0.613137	-1.047424
H	-1.349225	-2.076807	0.524120
H	-0.715180	-0.635929	1.328583
H	-2.445053	-0.989218	1.402398
C	1.595624	1.227825	0.308453
C	2.036644	-0.212945	0.368473
O	1.607757	-0.960660	-0.749963
H	1.968123	-0.550018	-1.540121
H	3.128326	-0.276867	0.482310
H	1.602558	-0.710377	1.240361
H	1.934300	1.777102	1.189646
H	2.019469	1.724696	-0.570169
H	0.505964	1.305189	0.253840

35
ΔE= 4.71 kcal mol-1
C	1.655811	-1.171747	0.509564
C	1.795850	-0.093145	-0.528686
O	2.003725	1.125419	0.149762
H	2.071690	1.835601	-0.491492
H	2.636862	-0.321483	-1.198187
H	0.890088	-0.047115	-1.152184
H	1.461846	-2.141374	0.045964
H	2.565024	-1.253844	1.107180
H	0.838679	-0.935019	1.198796
C	-1.556423	1.252588	0.087970
C	-2.276187	-0.062253	0.262607
O	-1.702117	-1.106192	-0.492968
H	-0.840962	-1.312772	-0.118603
H	-2.324097	-0.330739	1.327845
H	-3.309605	0.021323	-0.084215
H	-2.067779	2.051162	0.630320
H	-0.528570	1.202618	0.461108
H	-1.520351	1.525167	-0.969614

36
ΔE= 4.91 kcal mol-1
C	1.670830	-1.097887	-0.461470
C	1.619645	0.181521	0.333312
O	2.674913	1.063326	0.017506
H	3.503479	0.593655	0.140571
H	0.695258	0.724204	0.118711
H	1.598567	-0.043374	1.409370
H	0.813997	-1.730045	-0.219955
H	1.663223	-0.884965	-1.533101
H	2.582489	-1.661151	-0.238303
C	-2.454579	1.119617	-0.140060
C	-2.011562	-0.288159	-0.447536
O	-1.418516	-0.922468	0.664397
H	-2.039041	-0.896367	1.397169
H	-2.854302	-0.880165	-0.831960
H	-1.247577	-0.286816	-1.230912
H	-2.877342	1.602135	-1.023446
H	-3.222641	1.124997	0.639218
H	-1.613294	1.720474	0.211940

37
ΔE= 4.93 kcal mol-1
C	1.482875	0.599326	1.057575
C	1.592743	-0.337024	-0.117878
O	2.745067	-0.104602	-0.897001
H	3.510171	-0.141707	-0.317682
H	1.552188	-1.380872	0.226783
H	0.740222	-0.202261	-0.789559
H	0.553069	0.421665	1.601202
H	2.316519	0.455528	1.752186
H	1.501320	1.639267	0.722795
C	-2.064222	1.139739	-0.315893
C	-2.183250	-0.350811	-0.463909
O	-1.554399	-0.950237	0.649269
H	-1.620092	-1.903905	0.571784
H	-3.241673	-0.642500	-0.518410
H	-1.710337	-0.675620	-1.402614
H	-2.557850	1.653322	-1.142146
H	-2.522953	1.466473	0.619203
H	-1.014800	1.441947	-0.301056

38
ΔE= 5.00 kcal mol-1
C	-2.349038	-1.157925	0.034796
C	-2.056539	0.254134	0.474099
O	-1.466127	1.027122	-0.547162
H	-2.044202	1.012050	-1.314173
H	-2.969983	0.735774	0.851362
H	-1.338097	0.256338	1.299576
H	-2.772715	-1.745591	0.851689
H	-3.070166	-1.168403	-0.788025
H	-1.437215	-1.650556	-0.309185
C	1.812643	1.175608	0.267567
C	1.500073	-0.258318	-0.073084
O	2.656582	-1.052379	-0.216325
H	3.191286	-0.947763	0.574607
H	0.822962	-0.686080	0.683636
H	0.969069	-0.311788	-1.026278
H	0.896190	1.767216	0.310822
H	2.313676	1.247640	1.238406
H	2.472721	1.612217	-0.484809

39
ΔE= 5.03 kcal mol-1
C	1.625795	1.155441	-0.267286
C	1.876613	-0.235139	0.256824
O	3.063286	-0.804528	-0.251867
H	3.788701	-0.205797	-0.058033
H	1.879815	-0.227843	1.356430
H	1.066426	-0.905073	-0.041732
H	0.682970	1.544136	0.122725
H	2.425436	1.838207	0.037201
H	1.585213	1.153594	-1.359080
C	-3.312830	-0.085440	-0.406548
C	-1.826379	-0.307294	-0.290228
O	-1.298452	0.193646	0.918383
H	-1.751106	-0.233912	1.649788
H	-1.587842	-1.374235	-0.409365
H	-1.296004	0.221932	-1.087215
H	-3.690820	-0.443188	-1.366367
H	-3.850088	-0.622055	0.381097
H	-3.550561	0.975888	-0.314150

40
ΔE= 5.06 kcal mol-1
C	-2.098342	0.899143	0.652061
C	-1.958638	-0.010209	-0.535834
O	-1.739915	-1.319827	-0.056070
H	-1.654998	-1.916632	-0.802169
H	-2.865503	0.033841	-1.155338
H	-1.119657	0.320567	-1.166779
H	-2.263640	1.930311	0.335211
H	-2.938590	0.588537	1.275365
H	-1.194630	0.867047	1.265258
C	1.597211	1.183119	-0.539916
C	1.583708	0.016477	0.407794
O	2.681822	-0.811858	0.090228
H	2.659345	-1.585314	0.656432
H	1.652082	0.378288	1.445082
H	0.636022	-0.535344	0.322448
H	0.768742	1.863482	-0.330371
H	2.531866	1.739975	-0.450588
H	1.510069	0.837539	-1.572433

41
ΔE= 5.07 kcal mol-1
C	-2.047742	1.200587	-0.071445
C	-2.243318	-0.219666	-0.521783
O	-1.615977	-1.063864	0.419499
H	-1.731882	-1.977182	0.150940
H	-3.316117	-0.447358	-0.597375
H	-1.812160	-0.360768	-1.523832
H	-2.536756	1.896868	-0.754295
H	-2.464672	1.343588	0.927225
H	-0.984032	1.446270	-0.031153
C	1.488247	0.250942	1.173895
C	1.616273	-0.255164	-0.239503
O	2.892363	-0.020660	-0.792010
H	3.090590	0.914597	-0.700112
H	1.468182	-1.337578	-0.270308
H	0.827640	0.184015	-0.870042
H	0.503617	0.009156	1.578517
H	2.253336	-0.194460	1.813035
H	1.610407	1.338850	1.210501

42
ΔE= 5.08 kcal mol-1
C	-2.332286	-0.594162	0.929414
C	-2.038118	-0.377989	-0.533495
O	-1.475161	0.890451	-0.788886
H	-2.094483	1.562221	-0.492265
H	-1.302113	-1.105115	-0.887403
H	-2.945777	-0.531245	-1.134126
H	-2.733929	-1.593604	1.108203
H	-1.424938	-0.475656	1.526138
H	-3.069870	0.128721	1.290606
C	1.600232	1.006966	0.722156
C	1.552024	-0.208091	-0.168267
O	2.796806	-0.864677	-0.265303
H	3.442184	-0.233382	-0.592657
H	0.857453	-0.948704	0.240370
H	1.165155	0.068699	-1.158971
H	0.612136	1.466607	0.787680
H	1.938943	0.739349	1.725339
H	2.290966	1.755571	0.321755

43
ΔE= 5.08 kcal mol-1
C	1.502411	0.470249	1.128803
C	1.541590	-0.013762	-0.297605
O	2.831098	-0.403882	-0.711589
H	3.165751	-1.047282	-0.081888
H	0.819922	-0.834283	-0.436808
H	1.234293	0.786294	-0.976709
H	0.501517	0.824892	1.383414
H	1.765583	-0.335546	1.821937
H	2.212611	1.286431	1.276548
C	-2.117320	-1.058556	0.527634
C	-2.064049	-0.088615	-0.618780
O	-1.636939	1.158029	-0.112424
H	-1.616464	1.798123	-0.826452
H	-1.371285	-0.454716	-1.391316
H	-3.054484	-0.002167	-1.087464
H	-2.451391	-2.041147	0.191152
H	-1.129934	-1.167136	0.982792
H	-2.805181	-0.702538	1.296587

44
ΔE= 5.08 kcal mol-1
C	-2.241596	-1.213442	0.019299
C	-2.033926	0.202492	0.493150
O	-1.554852	1.049665	-0.527483
H	-2.164128	1.010118	-1.269039
H	-2.960509	0.601064	0.930361
H	-1.276352	0.234498	1.282498
H	-2.578892	-1.856923	0.834362
H	-2.999941	-1.253496	-0.768382
H	-1.313318	-1.624076	-0.384115
C	1.691556	1.182242	0.275601
C	1.516675	-0.254690	-0.141996
O	2.732470	-0.967325	-0.183222
H	3.173383	-0.855838	0.662717
H	0.792479	-0.753615	0.521962
H	1.097149	-0.307138	-1.149818
H	0.736434	1.709760	0.234921
H	2.077835	1.248017	1.298004
H	2.398672	1.689296	-0.384159

45
ΔE= 5.09 kcal mol-1
C	-2.657704	0.913790	-0.176094
C	-1.885150	-0.312888	-0.589726
O	-1.497358	-1.104285	0.511985
H	-2.286624	-1.361853	0.995038
H	-2.462428	-0.905448	-1.313311
H	-0.955578	-0.026085	-1.090366
H	-2.918253	1.526409	-1.041526
H	-3.589525	0.637946	0.326692
H	-2.069254	1.522685	0.513667
C	1.215389	0.803162	0.677397
C	1.914559	-0.394247	0.085927
O	3.070109	-0.045258	-0.644100
H	3.655655	0.444291	-0.061235
H	2.150606	-1.121693	0.875837
H	1.256294	-0.909556	-0.618418
H	0.297753	0.495728	1.184283
H	1.855335	1.311142	1.405635
H	0.961446	1.523865	-0.104402

46
ΔE= 5.10 kcal mol-1
C	1.664047	-1.098168	-0.483407
C	1.645436	0.172621	0.316483
O	2.803731	0.913154	-0.006258
H	2.810292	1.720736	0.510250
H	0.733727	0.745832	0.090323
H	1.608592	-0.061279	1.389819
H	0.786578	-1.702859	-0.249187
H	1.668226	-0.876731	-1.553158
H	2.561646	-1.677310	-0.258297
C	-2.523852	1.090249	-0.196029
C	-1.977141	-0.294805	-0.431995
O	-1.428621	-0.864125	0.736200
H	-2.110319	-0.890671	1.412321
H	-2.752790	-0.946241	-0.858887
H	-1.158836	-0.264706	-1.157724
H	-2.907636	1.526431	-1.120447
H	-3.345613	1.068408	0.525988
H	-1.745682	1.746778	0.199147

47
ΔE= 5.12 kcal mol-1
C	1.242974	0.963501	0.558721
C	1.813895	-0.340386	0.063845
O	3.048254	-0.187680	-0.597193
H	3.649395	0.273686	-0.007058
H	1.897200	-1.054353	0.897374
H	1.139457	-0.793144	-0.670115
H	0.278590	0.794505	1.043230
H	1.911902	1.430034	1.288355
H	1.106081	1.663438	-0.268973
C	-2.644823	0.871588	-0.239888
C	-1.913498	-0.407792	-0.532074
O	-1.524869	-0.977671	0.699889
H	-1.074034	-1.808472	0.534087
H	-2.560496	-1.095638	-1.094179
H	-1.034795	-0.203787	-1.163463
H	-2.974709	1.350078	-1.163169
H	-3.520111	0.676993	0.382312
H	-1.996852	1.568001	0.296414

48
ΔE= 5.13 kcal mol-1
C	-1.293433	0.977734	0.582155
C	-1.697697	-0.119261	-0.369663
O	-3.004856	-0.591736	-0.138850
H	-3.604335	0.157887	-0.173882
H	-1.579452	0.220487	-1.409929
H	-1.042307	-0.988013	-0.249493
H	-0.261743	1.295688	0.406944
H	-1.937873	1.853832	0.459971
H	-1.383760	0.637179	1.616441
C	1.810897	-1.169369	0.598404
C	1.982063	-0.248703	-0.583258
O	2.118234	1.102081	-0.201091
H	2.852989	1.171537	0.413824
H	2.833951	-0.569664	-1.199291
H	1.098806	-0.286698	-1.228218
H	1.654232	-2.200924	0.275950
H	2.697885	-1.153732	1.238767
H	0.953609	-0.862743	1.202615

49
ΔE= 5.17 kcal mol-1
C	1.964053	1.241757	-0.148399
C	2.395908	-0.160787	0.175024
O	1.509715	-1.051482	-0.469393
H	1.789609	-1.952525	-0.297639
H	3.428691	-0.325209	-0.163468
H	2.384615	-0.316654	1.264113
H	2.642125	1.969651	0.299603
H	1.955326	1.396133	-1.229161
H	0.957322	1.432443	0.229612
C	-1.347298	-0.112224	1.186486
C	-1.679387	-0.223148	-0.274172
O	-2.961933	0.333397	-0.473531
H	-3.175255	0.293214	-1.407286
H	-0.918604	0.297665	-0.872141
H	-1.651432	-1.277524	-0.585129
H	-0.358311	-0.531909	1.379124
H	-1.353725	0.933819	1.501749
H	-2.082268	-0.648007	1.790390

50
ΔE= 5.19 kcal mol-1
C	-1.309712	-0.853776	0.863334
C	-1.701819	-0.227589	-0.444987
O	-2.876766	0.525994	-0.229083
H	-3.094015	0.998003	-1.034725
H	-0.881844	0.407298	-0.806420
H	-1.872359	-1.011301	-1.198893
H	-0.412837	-1.466231	0.745249
H	-1.103432	-0.080066	1.606280
H	-2.112986	-1.486037	1.246490
C	2.279357	-0.789068	-0.713279
C	2.149938	0.140264	0.460358
O	1.374803	1.246626	0.053159
H	1.239156	1.830443	0.801993
H	1.674180	-0.381532	1.303808
H	3.144919	0.462465	0.799465
H	2.883538	-1.660403	-0.456081
H	1.294997	-1.135167	-1.037562
H	2.749795	-0.277405	-1.554771

51
ΔE= 5.22 kcal mol-1
C	-1.604285	0.904735	0.815582
C	-1.613329	-0.262638	-0.137199
O	-2.903206	-0.559753	-0.625737
H	-3.485346	-0.688585	0.127148
H	-0.995953	-0.038058	-1.010236
H	-1.163724	-1.144697	0.344271
H	-0.582036	1.146838	1.113213
H	-2.043517	1.785981	0.343064
H	-2.183378	0.681090	1.717452
C	1.952342	-1.151209	0.460550
C	2.563812	0.055049	-0.193818
O	1.527944	0.977572	-0.454703
H	1.893312	1.751214	-0.887803
H	3.324938	0.497354	0.464849
H	3.071878	-0.236948	-1.123827
H	2.713795	-1.896737	0.694150
H	1.450411	-0.867626	1.388394
H	1.210476	-1.608001	-0.197857

52
ΔE= 5.25 kcal mol-1
C	1.447113	0.504977	1.091606
C	1.635198	-0.309395	-0.155937
O	2.907118	-0.011819	-0.690990
H	3.040177	-0.530152	-1.486406
H	1.544353	-1.379853	0.079056
H	0.838755	-0.076688	-0.879678
H	0.472155	0.294529	1.534282
H	2.226329	0.272116	1.819833
H	1.509027	1.571559	0.863457
C	-2.027932	1.165505	-0.282143
C	-2.262596	-0.307312	-0.466646
O	-1.594041	-0.990302	0.572194
H	-1.758617	-1.931289	0.488629
H	-3.340269	-0.523081	-0.445541
H	-1.888449	-0.628346	-1.450293
H	-2.554023	1.741064	-1.045218
H	-2.381845	1.486145	0.699509
H	-0.962905	1.398319	-0.348543

53
ΔE= 5.27 kcal mol-1
C	2.138748	0.712657	-0.902723
C	2.081145	-0.614620	-0.189170
O	1.553281	-0.507187	1.113929
H	2.099425	0.104814	1.613925
H	1.418829	-1.304382	-0.720240
H	3.075245	-1.083759	-0.172237
H	2.527831	0.599419	-1.916656
H	1.144337	1.161585	-0.962749
H	2.793224	1.411820	-0.373605
C	-1.559145	1.135554	0.539781
C	-1.531850	-0.244422	-0.052686
O	-2.839384	-0.565039	-0.476687
H	-2.848246	-1.465971	-0.804181
H	-0.828227	-0.273113	-0.900172
H	-1.160488	-0.962393	0.690967
H	-0.566892	1.411612	0.900343
H	-1.882873	1.867786	-0.202973
H	-2.256725	1.175374	1.378429

54
ΔE= 5.29 kcal mol-1
C	1.486325	1.109248	-0.165162
C	1.979991	-0.306914	-0.021338
O	3.384545	-0.389185	0.086824
H	3.660768	0.174145	0.813902
H	1.486927	-0.789242	0.834980
H	1.712261	-0.891383	-0.905498
H	0.400772	1.120925	-0.279330
H	1.739840	1.701798	0.719820
H	1.940906	1.590274	-1.033718
C	-2.767575	0.939875	0.100714
C	-2.657108	-0.557816	0.055521
O	-1.297474	-0.884985	-0.131992
H	-1.201066	-1.838506	-0.169116
H	-3.039755	-0.993159	0.989710
H	-3.272795	-0.957360	-0.762914
H	-3.802784	1.250850	0.248461
H	-2.165941	1.341549	0.918613
H	-2.405502	1.377104	-0.831984

55
ΔE= 5.30 kcal mol-1
C	-1.812049	-1.313670	-0.315971
C	-1.974663	-0.127387	0.591559
O	-2.245825	0.998052	-0.214631
H	-2.351964	1.768926	0.346257
H	-2.790662	-0.304727	1.306389
H	-1.056825	0.024328	1.180454
H	-1.584770	-2.214270	0.257177
H	-2.724973	-1.486699	-0.888315
H	-0.998441	-1.140479	-1.024415
C	1.280549	1.136886	-0.192903
C	1.743025	-0.292312	-0.215131
O	3.051475	-0.339538	0.307722
H	3.364688	-1.245527	0.287422
H	1.058495	-0.918225	0.379202
H	1.714899	-0.680289	-1.244464
H	0.264456	1.225750	-0.585081
H	1.294339	1.521489	0.829710
H	1.944384	1.760507	-0.794390

56
ΔE= 5.34 kcal mol-1
C	-1.476290	0.806968	0.922453
C	-1.593018	-0.044148	-0.309222
O	-2.892465	-0.593232	-0.344560
H	-2.991527	-1.109285	-1.146434
H	-1.391080	0.562098	-1.203447
H	-0.832252	-0.840551	-0.286052
H	-0.485127	1.260809	0.970032
H	-2.225971	1.600235	0.910180
H	-1.636387	0.205953	1.820445
C	2.051333	-0.883548	0.822442
C	2.076079	-0.303211	-0.569232
O	1.686626	1.051826	-0.597927
H	2.286373	1.551607	-0.038142
H	3.068906	-0.435747	-1.022318
H	1.365709	-0.828707	-1.214075
H	2.325956	-1.940376	0.814701
H	2.758319	-0.362787	1.475107
H	1.055170	-0.788364	1.261253

57
ΔE= 5.35 kcal mol-1
C	-1.963748	1.265020	0.028353
C	-2.365107	-0.173974	0.233460
O	-1.621145	-1.064613	-0.568591
H	-1.732855	-0.809637	-1.488026
H	-2.177816	-0.477973	1.267136
H	-3.443328	-0.299177	0.059353
H	-2.544648	1.931845	0.668723
H	-0.904374	1.406432	0.254396
H	-2.132959	1.572447	-1.008276
C	1.310325	-0.415454	1.080624
C	1.739443	-0.185319	-0.339788
O	2.987505	0.473444	-0.322679
H	3.279455	0.612922	-1.225116
H	1.804386	-1.146516	-0.869892
H	0.982179	0.415920	-0.865441
H	0.352608	-0.937769	1.101386
H	2.051543	-1.016275	1.610802
H	1.209457	0.535502	1.609213

58
ΔE= 5.36 kcal mol-1
C	-2.030209	0.997443	-0.592376
C	-1.989538	-0.031828	0.501206
O	-1.814960	-1.297402	-0.098206
H	-1.828193	-1.971728	0.583684
H	-1.163856	0.188909	1.195581
H	-2.918904	0.000104	1.087134
H	-2.150918	1.999901	-0.178206
H	-1.104947	0.974569	-1.172596
H	-2.860130	0.800002	-1.272927
C	1.633417	1.259863	0.300772
C	1.550833	-0.238458	0.213553
O	2.729829	-0.701850	-0.406992
H	2.645768	-1.642561	-0.571650
H	1.445112	-0.666676	1.223317
H	0.658644	-0.540506	-0.353616
H	0.748347	1.670689	0.791741
H	2.515552	1.563226	0.867642
H	1.707554	1.695977	-0.697447

59
ΔE= 5.36 kcal mol-1
C	-1.193277	-0.706714	0.501279
C	-2.076043	-0.011608	-0.503934
O	-3.268800	0.479011	0.065369
H	-3.727558	-0.256160	0.479429
H	-1.564720	0.860285	-0.921796
H	-2.289579	-0.682301	-1.348864
H	-0.252172	-1.025888	0.044345
H	-0.966587	-0.037044	1.334894
H	-1.690324	-1.592920	0.908402
C	1.909877	1.326801	-0.067993
C	2.404113	0.002593	0.440661
O	2.144878	-0.968276	-0.551699
H	2.497641	-1.812724	-0.264602
H	3.479404	0.058505	0.660893
H	1.893826	-0.254203	1.381037
H	2.090757	2.116631	0.662536
H	2.415726	1.591170	-0.998192
H	0.836941	1.282336	-0.267517

60
ΔE= 5.37 kcal mol-1
C	-1.287673	1.107348	-0.161796
C	-1.771164	-0.320131	-0.207370
O	-3.119167	-0.452822	0.179568
H	-3.222451	-0.056888	1.048504
H	-1.713170	-0.709417	-1.227751
H	-1.120210	-0.961277	0.408171
H	-0.253344	1.189665	-0.507969
H	-1.916942	1.744166	-0.786715
H	-1.328025	1.495824	0.861721
C	1.828783	-1.317613	-0.274810
C	2.034651	-0.103874	0.586182
O	2.236267	1.002002	-0.266674
H	2.411434	1.781883	0.263575
H	1.156065	0.054726	1.231028
H	2.898203	-0.250761	1.249946
H	1.643646	-2.202420	0.336516
H	0.972858	-1.172822	-0.937995
H	2.707555	-1.500500	-0.895422

61
ΔE= 5.37 kcal mol-1
C	1.919916	1.158802	0.433176
C	2.555492	-0.111534	-0.056569
O	1.547990	-0.896830	-0.655789
H	1.929343	-1.720488	-0.965149
H	3.353109	0.119292	-0.777244
H	3.023775	-0.646463	0.782073
H	2.659934	1.811678	0.898278
H	1.455997	1.696381	-0.396440
H	1.142518	0.939399	1.168522
C	-1.602636	-0.894208	0.874554
C	-1.614125	0.257630	-0.089116
O	-2.946481	0.465005	-0.509966
H	-2.958921	1.164519	-1.165306
H	-1.213583	1.159277	0.400096
H	-0.952193	0.036233	-0.937217
H	-0.583627	-1.100036	1.206452
H	-2.225105	-0.676357	1.744787
H	-1.995194	-1.792970	0.394912

62
ΔE= 5.37 kcal mol-1
C	1.309013	1.134015	-0.188218
C	1.724146	-0.315014	-0.195909
O	3.069051	-0.501508	0.179173
H	3.209050	-0.059378	1.020349
H	1.051625	-0.905042	0.447878
H	1.634571	-0.733745	-1.202623
H	0.271243	1.257351	-0.509886
H	1.388592	1.553026	0.820473
H	1.953170	1.720116	-0.846698
C	-1.823592	-1.296449	-0.312637
C	-1.984814	-0.112096	0.605856
O	-2.156708	1.096874	-0.098750
H	-2.908238	1.000912	-0.689351
H	-2.814275	-0.279428	1.307478
H	-1.083812	0.024514	1.212183
H	-1.633465	-2.212113	0.251297
H	-2.726588	-1.455432	-0.909543
H	-0.989131	-1.136448	-0.999502

63
ΔE= 5.38 kcal mol-1
C	2.165693	1.109782	0.597800
C	1.625379	-0.007612	-0.249428
O	2.608149	-1.019857	-0.311632
H	2.236287	-1.780028	-0.762200
H	0.687995	-0.391938	0.175129
H	1.387906	0.369039	-1.256627
H	1.445574	1.927853	0.666720
H	2.382092	0.753756	1.606762
H	3.091644	1.501729	0.172386
C	-1.886541	1.047214	-0.554735
C	-2.631476	-0.043130	0.162031
O	-1.744207	-1.123737	0.353715
H	-2.190204	-1.814812	0.846678
H	-3.009958	0.329229	1.124577
H	-3.504681	-0.354492	-0.429202
H	-2.536624	1.902102	-0.746393
H	-1.036417	1.386367	0.041436
H	-1.503486	0.682413	-1.509938

64
ΔE= 5.39 kcal mol-1
C	-1.359238	-1.276617	-0.194769
C	-1.795535	-0.050991	0.558322
O	-2.438448	0.805954	-0.356792
H	-2.744775	1.588923	0.104506
H	-2.468553	-0.333408	1.380240
H	-0.923180	0.442868	1.012777
H	-0.777921	-1.944983	0.443851
H	-2.221270	-1.824238	-0.578571
H	-0.752719	-0.984127	-1.057434
C	1.510395	1.317368	-0.292271
C	2.006103	0.143513	0.515236
O	2.179281	-1.017326	-0.262173
H	1.337475	-1.228649	-0.676501
H	2.985774	0.363226	0.947739
H	1.327354	-0.048677	1.361561
H	1.427019	2.213273	0.327594
H	2.193137	1.530555	-1.116883
H	0.520650	1.116582	-0.716269

65
ΔE= 5.41 kcal mol-1
C	1.974603	1.240004	-0.086538
C	2.429081	-0.175606	0.167570
O	1.552014	-1.135343	-0.377610
H	1.457663	-0.963065	-1.318322
H	3.451501	-0.320847	-0.209464
H	2.459990	-0.378546	1.241808
H	2.668199	1.961348	0.350216
H	1.917815	1.443984	-1.160355
H	0.984069	1.410923	0.341278
C	-1.368389	-0.207777	1.160841
C	-1.681259	-0.174613	-0.312999
O	-2.993584	0.262357	-0.584871
H	-3.122636	1.110702	-0.153512
H	-0.941314	0.447882	-0.839997
H	-1.601195	-1.178377	-0.738026
H	-0.365166	-0.605456	1.327451
H	-1.413450	0.797739	1.593083
H	-2.087134	-0.834449	1.692440

66
ΔE= 5.42 kcal mol-1
C	1.233757	0.958573	0.577689
C	1.835635	-0.327214	0.088019
O	3.078182	-0.036974	-0.510572
H	3.484073	-0.853727	-0.806230
H	1.954699	-1.027544	0.928295
H	1.154875	-0.805792	-0.634716
H	0.274099	0.763320	1.060038
H	1.899837	1.441573	1.294739
H	1.077092	1.648204	-0.254963
C	-2.639490	0.875680	-0.242922
C	-1.910773	-0.403057	-0.543748
O	-1.556196	-1.000904	0.685198
H	-1.097021	-1.825559	0.512729
H	-2.549285	-1.074466	-1.135123
H	-1.015306	-0.193014	-1.149039
H	-2.944203	1.375097	-1.163798
H	-3.530574	0.675281	0.354545
H	-1.998952	1.555755	0.322279

67
ΔE= 5.43 kcal mol-1
C	1.961236	1.130612	0.253374
C	2.127837	-0.331967	-0.067556
O	3.478073	-0.737879	-0.101090
H	3.885435	-0.487135	0.731717
H	1.551409	-0.939749	0.645958
H	1.725393	-0.547687	-1.061124
H	0.905357	1.405926	0.227749
H	2.346453	1.356068	1.252949
H	2.506620	1.746306	-0.464824
C	-3.531567	-0.476223	0.459530
C	-2.628547	0.404930	-0.365731
O	-1.274443	0.020449	-0.279714
H	-1.200308	-0.896139	-0.558121
H	-2.964672	0.422629	-1.412336
H	-2.668502	1.436402	-0.006663
H	-4.567701	-0.135197	0.411110
H	-3.506330	-1.508503	0.097813
H	-3.215951	-0.477591	1.504500

68
ΔE= 5.51 kcal mol-1
C	2.521503	1.163340	-0.337802
C	2.426516	-0.063692	0.523887
O	2.086643	-1.151601	-0.309039
H	2.055413	-1.952933	0.217296
H	3.383361	-0.244718	1.033392
H	1.666051	0.082353	1.305854
H	2.780880	2.039217	0.258849
H	3.282709	1.030474	-1.108509
H	1.567968	1.353274	-0.835065
C	-1.162206	-0.012488	0.304264
C	-2.437747	-0.279133	-0.453753
O	-3.575427	0.241443	0.195765
H	-3.440878	1.183242	0.327317
H	-2.357366	0.110126	-1.479196
H	-2.611313	-1.354782	-0.541506
H	-0.298537	-0.461441	-0.194549
H	-0.976632	1.064005	0.385188
H	-1.229776	-0.415715	1.317539

69
ΔE= 5.57 kcal mol-1
C	1.304294	0.360127	0.101275
C	2.514623	-0.517210	-0.088200
O	3.722704	0.211060	-0.086902
H	3.758125	0.727118	0.722329
H	2.533191	-1.307406	0.676953
H	2.472433	-1.021838	-1.057015
H	0.378416	-0.218942	0.060467
H	1.338390	0.861527	1.074343
H	1.267261	1.131795	-0.671121
C	-2.419983	1.192488	-0.059165
C	-3.005409	-0.190353	-0.010925
O	-1.938905	-1.112634	0.050640
H	-2.291843	-2.003829	0.075668
H	-3.661554	-0.291977	0.865400
H	-3.625825	-0.368260	-0.900919
H	-3.207285	1.946380	-0.105419
H	-1.812361	1.381413	0.828168
H	-1.780487	1.306299	-0.936664

70
ΔE= 5.82 kcal mol-1
C	1.736154	1.238757	0.375694
C	1.521043	-0.159274	-0.147723
O	2.720729	-0.874008	-0.309755
H	3.169352	-0.911023	0.538811
H	0.823530	-0.702931	0.509934
H	1.060936	-0.122646	-1.140929
H	0.792842	1.786930	0.438143
H	2.172872	1.216265	1.378374
H	2.414846	1.791397	-0.276413
C	-2.070588	0.965155	-0.611134
C	-2.033735	-0.009255	0.539494
O	-1.945950	-1.347923	0.114101
H	-1.164276	-1.440974	-0.438262
H	-1.205904	0.242618	1.221299
H	-2.952173	0.058504	1.128187
H	-2.170445	1.993285	-0.255787
H	-1.149275	0.906696	-1.200147
H	-2.907778	0.745029	-1.275961

71
ΔE= 5.91 kcal mol-1
C	-1.340230	-1.238701	-0.247369
C	-1.813966	-0.055383	0.560776
O	-2.628598	0.815222	-0.185925
H	-2.118850	1.148555	-0.929233
H	-2.424653	-0.391893	1.402230
H	-0.954235	0.480136	0.991745
H	-0.714968	-1.904102	0.354276
H	-2.186486	-1.812197	-0.629103
H	-0.756335	-0.904688	-1.113642
C	1.540954	1.314974	-0.308347
C	2.019043	0.152422	0.525881
O	2.227891	-1.012069	-0.236919
H	1.390962	-1.264575	-0.637521
H	2.981990	0.386431	0.986923
H	1.315507	-0.037436	1.351327
H	1.410523	2.212568	0.300175
H	2.251947	1.534796	-1.106648
H	0.575452	1.087302	-0.773428

72
ΔE= 6.25 kcal mol-1
C	1.408102	-0.652268	0.024288
C	2.907861	-0.561872	0.018229
O	3.256630	0.800470	-0.079127
H	4.212007	0.881490	-0.080575
H	3.315333	-1.009035	0.936547
H	3.315863	-1.135134	-0.826967
H	1.075837	-1.689148	0.097709
H	0.998884	-0.097528	0.871496
H	0.998612	-0.221592	-0.892111
C	-1.971704	1.243959	0.058721
C	-2.162530	-0.251124	0.106251
O	-3.509689	-0.631859	-0.050231
H	-3.833955	-0.258651	-0.873672
H	-1.523581	-0.737624	-0.646302
H	-1.851260	-0.644740	1.077857
H	-0.925121	1.514103	0.216607
H	-2.271704	1.643484	-0.914933
H	-2.576813	1.733320	0.824279

73
ΔE= 6.27 kcal mol-1
C	-1.798382	1.057763	-0.551942
C	-1.814818	-0.406295	-0.189193
O	-3.049397	-0.818684	0.346059
H	-3.242730	-0.276030	1.114633
H	-1.653153	-1.020307	-1.079540
H	-0.988671	-0.633582	0.502743
H	-0.850112	1.341314	-1.015457
H	-2.605197	1.289255	-1.249672
H	-1.931597	1.681753	0.337635
C	1.629798	0.588371	1.028772
C	1.941199	0.106999	-0.366559
O	3.130895	-0.641920	-0.428788
H	3.045305	-1.396141	0.159733
H	1.091649	-0.467795	-0.767251
H	2.086917	0.957394	-1.038537
H	0.731724	1.211321	1.040556
H	1.456130	-0.256248	1.703056
H	2.460966	1.172875	1.427467

74
ΔE= 6.27 kcal mol-1
C	-1.732810	-1.268731	-0.367624
C	-2.069534	-0.138921	0.571733
O	-2.634802	0.966272	-0.094040
H	-2.064545	1.201880	-0.830910
H	-2.812332	-0.457922	1.307278
H	-1.174693	0.160376	1.139728
H	-1.322067	-2.124778	0.172076
H	-2.619791	-1.594560	-0.914044
H	-0.981882	-0.951469	-1.099656
C	1.398325	1.156271	-0.143975
C	1.794865	-0.291953	0.001437
O	3.176624	-0.455459	0.209650
H	3.644650	-0.053235	-0.526357
H	1.305465	-0.733649	0.874407
H	1.455032	-0.869471	-0.871841
H	0.314612	1.263583	-0.241364
H	1.717921	1.730622	0.727399
H	1.857981	1.602125	-1.031019

75
ΔE= 6.36 kcal mol-1
C	1.692201	1.096593	-0.243570
C	2.017833	-0.275781	0.291856
O	3.361927	-0.634928	0.075008
H	3.529878	-0.621228	-0.870503
H	1.871548	-0.305065	1.375240
H	1.334107	-1.023484	-0.136677
H	0.661999	1.377762	-0.010886
H	2.359686	1.844763	0.188020
H	1.805984	1.129258	-1.331396
C	-2.530674	1.107506	0.170734
C	-1.786504	-0.182798	-0.065222
O	-2.646477	-1.285557	-0.219769
H	-3.200148	-1.350483	0.562422
H	-1.206906	-0.123361	-0.991364
H	-1.062389	-0.355954	0.746376
H	-1.842928	1.953264	0.245119
H	-3.230324	1.301607	-0.644293
H	-3.101236	1.063683	1.103239

76
ΔE= 6.42 kcal mol-1
C	-1.475476	0.559489	-0.311796
C	-2.845680	-0.030863	-0.532347
O	-3.351979	-0.661248	0.620729
H	-3.399111	-0.010457	1.325488
H	-3.538143	0.741653	-0.897109
H	-2.807199	-0.804793	-1.303177
H	-1.080118	1.002664	-1.228730
H	-1.505016	1.345121	0.449598
H	-0.778691	-0.210094	0.028275
C	2.033266	0.985127	0.594046
C	2.482344	0.039189	-0.491480
O	3.199458	-1.062061	0.013739
H	2.638174	-1.527834	0.638715
H	1.618213	-0.291760	-1.087322
H	3.161241	0.546368	-1.181959
H	1.511086	1.848424	0.175115
H	1.344434	0.487393	1.284161
H	2.888577	1.342142	1.170665

77
ΔE= 6.42 kcal mol-1
C	1.516213	0.417723	0.442144
C	2.871854	-0.240916	0.502599
O	3.467762	-0.364839	-0.767183
H	3.553027	0.512554	-1.148413
H	3.528345	0.304796	1.195929
H	2.783288	-1.258406	0.891720
H	1.054212	0.467584	1.430942
H	1.596600	1.441461	0.062946
H	0.850827	-0.136694	-0.223863
C	-2.160843	1.157699	-0.183492
C	-2.171092	-0.335092	0.031517
O	-3.472656	-0.871194	0.050728
H	-3.902426	-0.651722	-0.779695
H	-1.550170	-0.831830	-0.729495
H	-1.730863	-0.583014	1.001293
H	-1.142870	1.552980	-0.150083
H	-2.583803	1.414199	-1.159463
H	-2.753797	1.659870	0.583223

