Filename                           Electrostatics        Exchange      Dispersion       Induction     SAPT2+/aVTZ
001_ethanol_ethanol_0.80               -42.198976       88.010667      -16.474987      -23.771209        5.565496
001_ethanol_ethanol_0.90               -21.970143       36.401684      -10.157459       -9.567017       -5.292935
001_ethanol_ethanol_0.95               -16.058155       23.362207       -8.112399       -6.197048       -7.005395
001_ethanol_ethanol_1.00               -11.910932       14.996917       -6.500800       -4.074958       -7.489773
001_ethanol_ethanol_1.05                -8.987994        9.634690       -5.170820       -2.721647       -7.245770
001_ethanol_ethanol_1.10                -6.908929        6.198089       -4.158200       -1.846751       -6.715791
001_ethanol_ethanol_1.20                -4.310351        2.579337       -2.729153       -0.890192       -5.350358
002_ethanol_WA_0.80                    -31.318148       65.276498       -9.780104      -18.407671        5.770574
002_ethanol_WA_0.90                    -15.884313       24.661880       -5.327923       -6.914205       -3.464561
002_ethanol_WA_0.95                    -11.536937       15.037306       -3.974770       -4.319837       -4.794238
002_ethanol_WA_1.00                     -8.550223        9.128385       -2.980320       -2.739088       -5.141246
002_ethanol_WA_1.05                     -6.483137        5.520089       -2.243991       -1.765142       -4.972181
002_ethanol_WA_1.10                     -5.033058        3.327269       -1.698512       -1.157052       -4.561353
002_ethanol_WA_1.20                     -3.240279        1.200686       -0.988390       -0.523544       -3.551527
003_ethanol_WD_0.80                    -38.677511       81.228817      -12.959088      -23.180552        6.411666
003_ethanol_WD_0.90                    -20.380950       32.600660       -7.562137       -9.235389       -4.577816
003_ethanol_WD_0.95                    -15.016200       20.552825       -6.667981       -5.934466       -7.065821
003_ethanol_WD_1.00                    -11.243169       12.936930       -4.539916       -3.864463       -6.710619
003_ethanol_WD_1.05                     -8.573861        8.135988       -3.543604       -2.552382       -6.533860
003_ethanol_WD_1.10                     -6.664735        5.116070       -2.779067       -1.710861       -6.038595
003_ethanol_WD_1.20                     -4.251993        2.034623       -1.733024       -0.803505       -4.753899
004_ethanol_dimer_01                   -10.484315       12.255178       -5.680461       -3.439820       -7.349419
004_ethanol_dimer_02                   -10.292271       12.213795       -5.729477       -3.310396       -7.118349
004_ethanol_dimer_03                    -9.983557       11.836871       -5.593104       -3.277240       -7.017031
004_ethanol_dimer_04                   -10.042297       11.656042       -5.170254       -3.323657       -6.880166
004_ethanol_dimer_05                   -10.513777       12.627930       -5.799190       -3.396299       -7.081336
004_ethanol_dimer_06                   -10.103473       12.306770       -6.024238       -3.272771       -7.093713
004_ethanol_dimer_07                   -10.087637       12.820857       -6.540955       -3.302687       -7.110422
004_ethanol_dimer_08                    -9.874426       11.685298       -5.304865       -3.218815       -6.712808
004_ethanol_dimer_09                   -10.768705       13.159347       -5.980806       -3.384051       -6.974216
004_ethanol_dimer_10                    -9.968955       12.474782       -5.991742       -3.354164       -6.840079
004_ethanol_dimer_11                    -9.922714       12.186027       -5.734569       -3.247264       -6.718520
004_ethanol_dimer_12                    -9.477687       11.476858       -5.286813       -3.127387       -6.415029
004_ethanol_dimer_13                    -9.668959       11.931562       -5.826549       -3.139631       -6.703577
004_ethanol_dimer_14                    -9.576573       11.626813       -5.722707       -3.110695       -6.783163
004_ethanol_dimer_15                    -9.837150       12.453556       -6.207586       -3.213673       -6.804852
004_ethanol_dimer_16                    -9.958172       12.298888       -5.937841       -3.139882       -6.737007
004_ethanol_dimer_17                    -9.119968       11.523502       -6.052252       -3.073540       -6.722257
004_ethanol_dimer_18                   -10.233314       12.757221       -6.065241       -3.191021       -6.732355
004_ethanol_dimer_19                    -9.228499       11.176930       -5.351464       -3.052573       -6.455607
004_ethanol_dimer_20                    -8.687576       10.090529       -4.860454       -2.933065       -6.390566
004_ethanol_dimer_21                    -9.064792       11.110733       -5.459064       -3.087278       -6.500401
004_ethanol_dimer_22                    -8.999822       11.158586       -5.536543       -2.991334       -6.369113
004_ethanol_dimer_23                    -9.295844       11.793017       -6.080626       -3.097264       -6.680716
004_ethanol_dimer_24                   -10.394746       13.266886       -6.561185       -3.351725       -7.040769
004_ethanol_dimer_25                    -9.385915       12.339289       -5.921516       -3.174461       -6.142603
004_ethanol_dimer_26                    -3.695365        5.931522       -4.957104       -0.985588       -3.706535
004_ethanol_dimer_27                    -3.772744        5.912452       -4.777893       -0.997956       -3.636141
004_ethanol_dimer_28                    -2.921956        5.602517       -4.936588       -0.801354       -3.057381
004_ethanol_dimer_29                    -3.952673        6.769921       -4.995857       -1.126122       -3.304731
004_ethanol_dimer_30                    -3.533599        6.119035       -4.787506       -1.000317       -3.202387
004_ethanol_dimer_31                    -3.407380        6.178640       -4.885560       -0.940508       -3.054808
004_ethanol_dimer_32                    -3.610420        6.165913       -4.649465       -0.995286       -3.089259
004_ethanol_dimer_33                    -3.395873        6.166622       -4.858985       -1.006905       -3.095141
004_ethanol_dimer_34                    -3.213931        6.062372       -4.846372       -0.902669       -2.900600
004_ethanol_dimer_35                    -2.787140        5.818148       -4.785330       -1.015377       -2.769699
004_ethanol_dimer_36                    -2.319754        4.131739       -3.760267       -0.641164       -2.589446
004_ethanol_dimer_37                    -2.261307        4.208601       -3.952119       -0.562358       -2.567183
004_ethanol_dimer_38                    -2.145730        3.874817       -3.697185       -0.588370       -2.556469
004_ethanol_dimer_39                    -2.225246        3.726497       -3.342243       -0.577076       -2.418068
004_ethanol_dimer_40                    -2.297395        4.541893       -4.113597       -0.537196       -2.406294
004_ethanol_dimer_41                    -2.115253        3.984465       -3.756216       -0.556915       -2.443919
004_ethanol_dimer_42                    -2.035769        3.837701       -3.670724       -0.551544       -2.420336
004_ethanol_dimer_43                    -2.258891        4.432497       -4.081580       -0.576296       -2.484271
004_ethanol_dimer_44                    -2.325242        4.405586       -3.963142       -0.661989       -2.544787
004_ethanol_dimer_45                    -2.245620        4.201684       -3.787426       -0.604149       -2.435512
004_ethanol_dimer_46                    -2.034211        3.956132       -3.748658       -0.595288       -2.422024
004_ethanol_dimer_47                    -2.158918        4.455009       -4.001259       -0.581120       -2.286288
004_ethanol_dimer_48                    -2.400836        4.859014       -4.234131       -0.663975       -2.439928
004_ethanol_dimer_49                    -2.172713        4.315247       -3.956678       -0.553649       -2.367794
004_ethanol_dimer_50                    -2.159688        4.411816       -3.991475       -0.597385       -2.336732
004_ethanol_dimer_51                    -2.190566        3.926705       -3.484113       -0.572784       -2.320758
004_ethanol_dimer_52                    -2.005198        4.168722       -3.855651       -0.576903       -2.269030
004_ethanol_dimer_53                    -1.818552        3.984754       -3.917194       -0.518939       -2.269930
004_ethanol_dimer_54                    -1.702512        2.611377       -2.574553       -0.462631       -2.128319
004_ethanol_dimer_55                    -2.136943        4.696861       -4.250351       -0.516018       -2.206451
004_ethanol_dimer_56                    -1.867894        4.078982       -3.883197       -0.515834       -2.187943
004_ethanol_dimer_57                    -1.943624        4.070513       -3.812185       -0.527047       -2.212342
004_ethanol_dimer_58                    -1.844759        4.266606       -4.101179       -0.487816       -2.167148
004_ethanol_dimer_59                    -2.179252        4.117732       -3.460327       -0.549065       -2.070913
004_ethanol_dimer_60                    -2.087952        4.523603       -4.057764       -0.537214       -2.159326
004_ethanol_dimer_61                    -1.804156        3.633750       -3.459299       -0.521751       -2.151456
004_ethanol_dimer_62                    -2.219420        4.809583       -4.209759       -0.641253       -2.260849
004_ethanol_dimer_63                    -1.890298        3.322832       -2.962241       -0.538238       -2.067944
004_ethanol_dimer_64                    -1.841647        4.996018       -4.625945       -0.751227       -2.222801
004_ethanol_dimer_65                    -2.143968        4.339714       -3.881805       -0.528861       -2.214920
004_ethanol_dimer_66                    -1.876751        4.379743       -3.979938       -0.551947       -2.028893
004_ethanol_dimer_67                    -1.462693        1.866618       -1.903330       -0.405203       -1.904609
004_ethanol_dimer_68                    -2.006306        3.621945       -3.006751       -0.474784       -1.865897
004_ethanol_dimer_69                    -1.758738        2.714582       -2.292488       -0.510432       -1.847077
004_ethanol_dimer_70                    -1.178033        3.689240       -3.843401       -0.436794       -1.768988
004_ethanol_dimer_71                    -1.311499        4.720069       -4.498624       -0.685726       -1.775781
004_ethanol_dimer_72                    -0.745435        1.832512       -2.185066       -0.144031       -1.242020
004_ethanol_dimer_73                    -0.926633        3.100135       -3.301881       -0.257200       -1.385579
004_ethanol_dimer_74                    -0.660106        3.238659       -3.518854       -0.334378       -1.274679
004_ethanol_dimer_75                    -0.600943        2.190561       -2.545551       -0.189517       -1.145450
004_ethanol_dimer_76                    -0.451323        1.544307       -1.981814       -0.109917       -0.998745
004_ethanol_dimer_77                    -0.512466        1.714020       -2.055691       -0.140706       -0.994843
