    18 ethanol_ethanol_01
     1  C     -2.395188    0.710281   -0.552947    49    2 5 6 7
     2  C     -1.768942   -0.632004   -0.282446    47    1 3 8 9
     3  O     -1.121508   -0.679647    0.980245    45    2 4
     4  H     -1.754348   -0.432706    1.660172    46    3
     5  H     -2.868391    0.727584   -1.536520    50    1
     6  H     -1.639135    1.497128   -0.519387    50    1
     7  H     -3.166981    0.938753    0.188373    50    1
     8  H     -0.987975   -0.845510   -1.016767    48    2
     9  H     -2.511550   -1.436832   -0.355408    48    2
    10  C      2.185819   -0.868605   -0.557657    49    11 14 15 16
    11  C      2.239689    0.455397    0.166030    47    10 12 17 18
    12  O      0.987006    1.085435    0.231404    45    11 13
    13  H      0.360671    0.483323    0.663376    46    12
    14  H      3.175808   -1.325233   -0.626217    50    10
    15  H      1.798252   -0.734425   -1.570422    50    10
    16  H      1.529461   -1.568584   -0.032447    50    10
    17  H      2.907613    1.146107   -0.357474    48    11
    18  H      2.664321    0.313680    1.171649    48    11
